depth_min:-0.300517
depth_max:0.120464
depth_map_range:0.601034
depth_midpoint:0.5
